name = "Asaka"
latlng_sw = [35.800239, 139.584983]
latlng_ne = [35.812760, 139.600586]
zoom_level = 15
image_format = "jpg"
